1 0.0148222 0.00148222
2 0.0319852 0.00319852
3 0.0344287 0.00344287
4 0.0151959 0.00151959
5 0.0831922 0.00831922
6 -0.0280805 -0.00280805
7 -0.17944 -0.017944
8 -0.251666 -0.0251666
9 -0.262727 -1.2
10 -0.0444916 -0.00444916
11 0.0678982 0.00678982
12 0.13087 0.013087
13 0.15319 0.015319
14 -0.082033 -0.0082033
15 -0.106254 -0.0106254
16 -0.106412 -0.0106412
17 -0.0915307 -0.00915307
18 0.0564611 0.00564611
19 0.144039 0.0144039
20 0.178578 0.0178578
21 0.178199 0.0178199
22 0.151419 0.0151419
23 0.110182 0.0110182
24 0.0713167 0.00713167
25 0.0344939 0.00344939
26 0.00580975 0.000580975
27 0.070808 0.0070808
28 0.184899 0.0184899
29 0.232223 0.0232223
30 0.230173 0.0230173
31 0.105319 0.0105319
32 -0.0623306 -0.00623306
33 -0.0404469 -0.00404469
34 -0.0210243 -0.00210243
35 -0.00544397 -0.000544397
36 0.00161749 0.000161749
37 -0.113855 -0.0113855
38 -0.173782 -0.0173782
39 -0.189644 -0.0189644
40 -0.172182 -0.0172182
41 -0.133038 -0.0133038
42 -0.0915987 -0.00915987
43 -0.0528155 -0.00528155
44 -0.0188337 -0.00188337
45 0.00579224 0.000579224
46 0.0208926 0.00208926
47 0.0276476 0.00276476
48 0.0280393 0.00280393
49 0.0242874 0.00242874
50 0.00891683 0.000891683
51 0.00854586 0.000854586
52 0.00516537 0.000516537
53 0.0033698 0.00033698
54 0.00572662 0.000572662
55 0.0888429 0.00888429
56 0.128714 0.0128714
57 0.136741 0.0136741
58 0.0468373 0.00468373
59 0.00518048 0.000518048
60 -0.0262734 -0.00262734
61 -0.132698 -0.0132698
62 -0.121674 -0.0121674
63 -0.128562 -0.0128562
64 -0.217429 -0.0217429
65 -0.118669 -0.0118669
66 -0.0751379 -0.00751379
67 -0.104104 -0.0104104
68 -0.215343 -0.0215343
69 -0.025057 -0.0025057
70 0.0388057 0.00388057
71 0.034727 0.0034727
72 0.0521782 0.00521782
73 0.0347535 0.00347535
74 0.136191 0.0136191
75 0.0751288 0.00751288
76 0.0680689 0.00680689
77 0.0538107 0.00538107
78 0.0377597 0.00377597
79 0.0707176 0.00707176
80 0.053517 -1.2
81 0.0283226 0.00283226
82 0.0683737 0.00683737
83 0.0461027 0.00461027
84 0.0235318 0.00235318
85 0.0119522 0.00119522
86 0.0812531 0.00812531
87 0.0139746 0.00139746
88 0.00354325 0.000354325
89 -0.00392369 -0.000392369
90 -0.0106308 -0.00106308
91 -0.00727698 -0.000727698
92 -0.0179751 -0.00179751
93 -0.0291383 -0.00291383
94 -0.03487 -0.003487
95 -0.0366482 -1.2
96 -0.0566681 -0.00566681
97 -0.0566681 -1.2
98 -0.0566681 -0.00566681
99 0.260737 -1.2
100 0.212368 0.0212368
101 0.320051 0.0320051
102 0.320051 -1.2
103 0.320051 -1.2
104 0.320051 -1.2
105 0.320051 -1.2
106 0.219651 -1.2
107 0.0652798 0.00652798
108 0.0652798 -1.2
109 0.0652798 -1.2
110 0.0652798 -1.2
111 0.0652798 -1.2
112 0.002446 -1.2
113 0.002446 -1.2
114 0.002446 -1.2
115 0.002446 -1.2
116 0.002446 -1.2
117 0.002446 -1.2
118 0.002446 -1.2
119 0.002446 -1.2
120 0.002446 -1.2
121 0.002446 -1.2
122 0.002446 -1.2
123 0.002446 -1.2
124 0.002446 -1.2
125 0.002446 -1.2
126 0.002446 -1.2
127 0.002446 -1.2
128 0.002446 -1.2
129 0.002446 -1.2
130 0.002446 -1.2
131 0.002446 -1.2
132 0.002446 -1.2
133 0.002446 -1.2
134 0.002446 -1.2
135 0.002446 -1.2
136 0.002446 -1.2
137 0.00244851 -1.2
138 0.00244851 -1.2
139 0.00244851 -1.2
140 0.00244851 -1.2
141 0.00244851 -1.2
142 0.00244851 -1.2
143 0.00244851 -1.2
144 0.00244851 -1.2
145 0.00244851 -1.2
146 0.00244851 -1.2
147 0.00244851 -1.2
148 0.00244851 -1.2
149 0.00244851 -1.2
150 0.00244851 0.000244851
151 0.00244851 -1.2
152 0.00244851 -1.2
153 0.00244851 -1.2
154 0.00244851 -1.2
155 0.00244851 -1.2
156 0.00244851 -1.2
157 0.00246233 -1.2
158 0.00246233 -1.2
159 0.00246233 -1.2
160 0.00246233 -1.2
161 -0.0640463 -1.2
162 -0.0640463 -1.2
163 -0.0640463 -1.2
164 -0.0640463 -1.2
165 -0.0640463 -1.2
166 -0.0640417 -1.2
167 -0.0640417 -1.2
168 -0.0640417 -1.2
169 -0.0640417 -1.2
170 -0.0640417 -1.2
171 -0.0640417 -1.2
172 -0.0640417 -1.2
173 -0.0640417 -1.2
174 -0.0640417 -1.2
175 -0.0640417 -1.2
176 -0.0640417 -1.2
177 -0.0640417 -1.2
178 -0.0640417 -1.2
179 -0.0640417 -1.2
180 -0.0640417 -1.2
181 -0.0640417 -1.2
182 -0.0640417 -1.2
183 -0.0640417 -1.2
184 -0.0640417 -1.2
185 -0.0640417 -1.2
186 -0.0640417 -1.2
187 -0.0640417 -1.2
188 -0.0640417 -1.2
189 -0.0640417 -1.2
190 -0.0640417 -1.2
191 -0.0640417 -1.2
192 -0.0640417 -1.2
193 -0.0640417 -1.2
194 -0.0640319 -1.2
195 -0.0640319 -1.2
196 -0.0640319 -1.2
197 -0.0640319 -1.2
198 -0.129609 -1.2
199 -0.129609 -1.2
200 -0.129609 -1.2
201 -0.129609 -1.2
202 -0.129609 -0.0129609
203 -0.129609 -1.2
204 -0.129609 -1.2
205 -0.129609 -1.2
206 -0.129609 -1.2
207 -0.129609 -1.2
208 -0.129609 -1.2
209 -0.129613 -1.2
210 -0.129613 -1.2
211 -0.129613 -1.2
212 -0.129613 -1.2
213 -0.129613 -1.2
214 -0.129613 -1.2
215 -0.129613 -1.2
216 -0.129613 -1.2
217 -0.129613 -1.2
218 -0.129619 -1.2
219 -0.129619 -1.2
220 -0.129619 -1.2
221 -0.129619 -1.2
222 -0.129619 -1.2
223 0.74127 -1.2
224 0.931074 0.0931074
225 0.931074 -1.2
226 0.931074 -1.2
227 0.931074 -1.2
228 0.931074 -1.2
229 0.275478 -1.2
230 0.467003 0.0467003
231 0.467003 -1.2
232 0.467003 -1.2
233 0.467003 -1.2
234 0.467003 -1.2
235 0.368934 -1.2
236 0.368934 -1.2
237 0.368934 -1.2
238 0.368934 -1.2
239 0.368934 -1.2
240 0.368933 -1.2
241 0.368933 -1.2
242 0.368933 -1.2
243 0.368933 -1.2
244 0.368933 -1.2
245 0.368933 -1.2
246 0.368933 -1.2
247 0.368933 -1.2
248 0.368933 -1.2
249 0.368933 -1.2
250 0.368933 -1.2
251 0.368933 -1.2
252 0.368933 -1.2
253 0.368933 -1.2
254 0.368933 -1.2
255 0.368933 -1.2
256 0.368933 -1.2
257 0.368933 -1.2
258 0.368933 -1.2
259 0.368933 -1.2
260 0.368933 -1.2
261 0.368933 -1.2
262 0.368933 -1.2
263 0.368933 -1.2
264 0.368933 0.0368933
265 0.368929 -1.2
266 0.368929 -1.2
267 0.368929 -1.2
268 0.368929 -1.2
269 0.368929 -1.2
270 0.165363 -1.2
271 0.165363 -1.2
272 0.165363 -1.2
273 0.165363 -1.2
274 0.165363 -1.2
275 0.165363 -1.2
276 0.165363 -1.2
277 0.165363 -1.2
278 0.165363 -1.2
279 0.165363 -1.2
280 0.165363 -1.2
281 0.165363 -1.2
282 0.165363 -1.2
283 0.165363 -1.2
284 0.165363 -1.2
285 0.165363 -1.2
286 0.165363 -1.2
287 0.165363 -1.2
288 0.165363 -1.2
289 0.165363 -1.2
290 0.165363 -1.2
291 0.165363 -1.2
292 0.165363 -1.2
293 0.165363 -1.2
294 0.165363 -1.2
295 0.165363 -1.2
296 0.165363 -1.2
297 0.165363 -1.2
298 0.165363 -1.2
299 0.165363 -1.2
300 0.165363 -1.2
301 0.165363 -1.2
302 0.165363 -1.2
303 0.165363 -1.2
304 0.165363 -1.2
305 0.165363 -1.2
306 0.165363 -1.2
307 0.165363 -1.2
308 0.165363 -1.2
309 0.165363 -1.2
310 0.165366 -1.2
311 0.165366 -1.2
312 0.165366 -1.2
313 0.165366 -1.2
314 0.165366 -1.2
315 0.111119 -1.2
316 0.111119 -1.2
317 0.111119 0.0111119
318 0.111119 -1.2
319 0.111119 -1.2
320 0.111119 -1.2
321 0.111119 -1.2
322 0.111119 -1.2
323 0.111119 -1.2
324 0.111119 -1.2
325 0.111119 -1.2
326 0.111123 -1.2
327 0.111123 -1.2
328 0.111123 -1.2
329 0.111123 -1.2
330 0.111123 -1.2
331 0.111123 -1.2
332 0.111123 -1.2
333 0.111123 -1.2
334 0.111123 -1.2
335 0.111123 -1.2
336 0.111128 -1.2
337 0.111128 -1.2
338 0.111128 -1.2
339 0.111128 -1.2
340 0.111128 -1.2
341 0.111128 -1.2
342 0.111128 -1.2
343 0.111128 -1.2
344 0.111128 -1.2
345 0.111128 -1.2
346 0.111128 -1.2
347 0.111128 -1.2
348 0.111128 -1.2
349 0.111128 -1.2
350 0.111128 -1.2
351 0.111128 -1.2
352 0.111128 -1.2
353 0.111128 -1.2
354 0.111128 -1.2
355 0.111159 -1.2
356 0.111159 -1.2
357 0.111159 -1.2
358 0.111159 -1.2
359 0.111159 -1.2
360 0.939573 -1.2
361 0.43855 0.043855
362 0.999697 0.0999697
363 0.999697 -1.2
364 0.999697 -1.2
365 0.999697 -1.2
366 0.999697 -1.2
367 0.999697 -1.2
368 0.997449 -1.2
369 0.997449 -1.2
370 0.997449 -1.2
371 0.997449 -1.2
372 0.997449 -1.2
373 0.997449 -1.2
374 0.997449 -1.2
375 0.997449 -1.2
376 0.997449 -1.2
377 0.997459 -1.2
378 0.997459 -1.2
379 0.997459 -1.2
380 0.997459 -1.2
381 0.997459 -1.2
382 0.997459 -1.2
383 0.997478 -1.2
384 0.997478 -1.2
385 0.997478 0.0997478
386 0.997478 -1.2
387 0.997478 -1.2
388 0.937078 -1.2
389 0.937078 -1.2
390 0.937078 -1.2
391 0.937078 -1.2
392 0.937078 -1.2
393 0.937078 -1.2
394 0.937078 -1.2
395 0.937078 -1.2
396 0.937078 -1.2
397 0.937078 -1.2
398 0.937078 -1.2
399 0.937078 -1.2
400 0.937078 -1.2
401 0.937078 -1.2
402 0.937078 -1.2
403 0.937078 -1.2
404 0.937078 -1.2
405 0.937078 -1.2
406 0.937078 -1.2
407 0.937078 -1.2
408 0.937078 -1.2
409 0.937078 -1.2
410 0.937078 -1.2
411 0.937078 -1.2
412 0.937078 -1.2
413 0.937078 -1.2
414 0.937086 -1.2
415 0.937086 -1.2
416 0.937086 -1.2
417 0.937086 -1.2
418 0.937086 -1.2
419 0.937086 -1.2
420 0.937086 -1.2
421 0.937086 -1.2
422 0.937086 -1.2
423 0.937086 -1.2
424 0.937086 -1.2
425 0.937086 -1.2
426 0.937086 -1.2
427 0.937086 -1.2
428 0.937086 -1.2
429 0.937086 -1.2
430 0.937086 -1.2
431 0.937086 -1.2
432 0.937086 -1.2
433 0.937086 -1.2
434 0.937105 -1.2
435 0.937105 -1.2
436 0.937105 -1.2
437 0.937105 -1.2
438 0.937105 0.0937105
439 0.937105 -1.2
440 0.937105 -1.2
441 0.937105 -1.2
442 0.937105 -1.2
443 0.937105 -1.2
444 0.937105 -1.2
445 0.937239 -1.2
446 0.937239 -1.2
447 0.937239 -1.2
448 0.937239 -1.2
449 0.937239 -1.2
450 0.830286 -1.2
451 0.830286 -1.2
452 0.830286 -1.2
453 0.830286 -1.2
454 0.830286 -1.2
455 0.830267 -1.2
456 0.830267 -1.2
457 0.830267 -1.2
458 0.830267 -1.2
459 0.830267 -1.2
460 0.830267 -1.2
461 0.830267 -1.2
462 0.830267 -1.2
463 0.830267 -1.2
464 0.830267 -1.2
465 0.830267 -1.2
466 0.830267 -1.2
467 0.830267 -1.2
468 0.830267 -1.2
469 0.830267 -1.2
470 0.830267 -1.2
471 0.830267 -1.2
472 0.830267 -1.2
473 0.830267 -1.2
474 0.830267 -1.2
475 0.830267 -1.2
476 0.830267 -1.2
477 0.830267 -1.2
478 0.830267 -1.2
479 0.830337 -1.2
480 0.830337 -1.2
481 0.830337 -1.2
482 0.830337 -1.2
483 0.830337 -1.2
484 0.692397 -1.2
485 0.692397 -1.2
486 0.692397 -1.2
487 0.692397 -1.2
488 0.692397 -1.2
489 0.692397 -1.2
490 0.692397 -1.2
491 0.692397 -1.2
492 0.692397 0.0692397
493 0.692397 -1.2
494 0.692396 -1.2
495 0.692396 -1.2
496 0.692396 -1.2
497 0.692396 -1.2
498 0.692396 -1.2
499 0.692393 -1.2
500 0.692393 -1.2
501 0.692393 -1.2
502 0.692393 -1.2
503 0.692393 -1.2
504 0.537012 -1.2
505 0.537012 -1.2
506 0.537012 -1.2
507 0.537012 -1.2
508 0.537012 -1.2
509 0.537012 -1.2
510 0.537012 -1.2
511 0.537012 -1.2
512 0.537012 -1.2
513 0.537012 -1.2
514 0.537012 -1.2
515 0.537012 -1.2
516 0.537012 -1.2
517 0.537012 -1.2
518 0.537012 -1.2
519 0.537012 -1.2
520 0.537012 -1.2
521 0.537012 -1.2
522 0.537012 -1.2
523 0.537012 -1.2
524 0.537024 -1.2
525 0.537024 -1.2
526 0.537024 -1.2
527 0.537024 -1.2
528 0.537024 -1.2
529 0.537024 -1.2
530 0.537055 -1.2
531 0.537055 -1.2
532 0.537055 -1.2
533 0.537055 -1.2
534 0.53691 -1.2
535 0.53691 -1.2
536 0.53691 -1.2
537 0.53691 -1.2
538 0.53691 -1.2
539 0.375817 -1.2
540 0.375817 -1.2
541 0.375817 -1.2
542 0.375817 -1.2
543 0.375817 -1.2
544 0.375817 -1.2
545 0.375817 -1.2
546 0.375817 0.0375817
547 0.375817 -1.2
548 0.375817 -1.2
549 0.375817 -1.2
550 0.375817 -1.2
551 0.375817 -1.2
552 0.375817 -1.2
553 0.375817 -1.2
554 0.375817 -1.2
555 0.375817 -1.2
556 0.375817 -1.2
557 0.375817 -1.2
558 0.375817 -1.2
559 0.375813 -1.2
560 0.375813 -1.2
561 0.375813 -1.2
562 0.375813 -1.2
563 0.375813 -1.2
564 0.375813 -1.2
565 0.375813 -1.2
566 0.375813 -1.2
567 0.375813 -1.2
568 0.375813 -1.2
569 0.375813 -1.2
570 0.375813 -1.2
571 0.375813 -1.2
572 0.375813 -1.2
573 0.375813 -1.2
574 0.375813 -1.2
575 0.375813 -1.2
576 0.375813 -1.2
577 0.375813 -1.2
578 0.375813 -1.2
579 0.375813 -1.2
580 0.375813 -1.2
581 0.375813 -1.2
582 0.375813 -1.2
583 0.375813 -1.2
584 0.375813 -1.2
585 0.375813 -1.2
586 0.375813 -1.2
587 0.375813 -1.2
588 0.375783 -1.2
589 0.375783 -1.2
590 0.375783 -1.2
591 0.375783 -1.2
592 0.375783 -1.2
593 0.218939 -1.2
594 0.218939 -1.2
595 0.218939 -1.2
596 0.218939 -1.2
597 0.218939 -1.2
598 0.218939 -1.2
599 0.218939 0.0218939
600 0.218939 -1.2
601 0.218939 -1.2
602 0.218939 -1.2
603 0.218939 -1.2
604 0.218939 -1.2
605 0.218939 -1.2
606 0.218939 -1.2
607 0.218939 -1.2
608 0.218939 -1.2
609 0.218939 -1.2
610 0.218939 -1.2
611 0.218939 -1.2
612 0.218939 -1.2
613 0.218939 -1.2
614 0.218939 -1.2
615 0.218939 -1.2
616 0.218939 -1.2
617 0.218939 -1.2
618 0.218953 -1.2
619 0.218953 -1.2
620 0.218953 -1.2
621 0.218953 -1.2
622 0.218953 -1.2
623 0.218953 -1.2
624 0.218989 -1.2
625 0.218989 -1.2
626 0.218989 -1.2
627 0.218989 -1.2
628 0.218883 -1.2
629 0.218883 -1.2
630 0.218883 -1.2
631 0.218883 -1.2
632 0.218883 -1.2
633 0.0744312 -1.2
634 0.0744312 -1.2
635 0.0744312 -1.2
636 0.0744312 -1.2
637 0.0744312 -1.2
638 0.0744312 -1.2
639 0.0744312 -1.2
640 0.0744312 -1.2
641 0.0744312 -1.2
642 0.0744312 -1.2
643 0.0744399 -1.2
644 0.0744399 -1.2
645 0.0744399 -1.2
646 0.0744399 -1.2
647 0.0744399 -1.2
648 0.0744399 -1.2
649 0.0744399 -1.2
650 0.0744399 -1.2
651 0.0744399 -1.2
652 0.0744399 -1.2
653 0.0744399 0.00744399
654 0.0744399 -1.2
655 0.0744399 -1.2
656 0.0744399 -1.2
657 0.0744399 -1.2
658 0.0744399 -1.2
659 0.0744399 -1.2
660 0.0744399 -1.2
661 0.0744399 -1.2
662 0.0744399 -1.2
663 0.0744399 -1.2
664 0.0744632 -1.2
665 0.0744632 -1.2
666 0.0744632 -1.2
667 0.0744632 -1.2
668 0.0744632 -1.2
669 0.0747336 -1.2
670 0.0747336 -1.2
671 0.0747336 -1.2
672 0.0747336 -1.2
673 0.0747336 -1.2
674 0.415002 -1.2
675 0.415002 -1.2
676 0.415002 -1.2
677 0.415002 -1.2
678 0.415002 -1.2
679 0.415002 -1.2
680 0.415002 -1.2
681 0.415002 -1.2
682 0.415002 -1.2
683 0.415002 -1.2
684 0.415002 -1.2
685 0.415002 -1.2
686 0.415002 -1.2
687 0.415002 -1.2
688 0.415002 -1.2
689 0.415002 -1.2
690 0.415002 -1.2
691 0.415002 -1.2
692 0.415002 -1.2
693 0.415002 -1.2
694 0.414985 -1.2
695 0.414985 -1.2
696 0.414985 -1.2
697 0.414985 -1.2
698 0.414985 -1.2
699 0.41489 -1.2
700 0.41489 -1.2
701 0.41489 -1.2
702 0.41489 -1.2
703 0.41489 -1.2
704 0.41489 -1.2
705 0.330405 -1.2
706 0.330405 -1.2
707 0.330405 0.0330405
708 0.330405 -1.2
709 0.330405 -1.2
710 0.330405 -1.2
711 0.330405 -1.2
712 0.330405 -1.2
713 0.330405 -1.2
714 0.330405 -1.2
715 0.330405 -1.2
716 0.330405 -1.2
717 0.330405 -1.2
718 0.330405 -1.2
719 0.330405 -1.2
720 0.330405 -1.2
721 0.330405 -1.2
722 0.330405 -1.2
723 0.330405 -1.2
724 0.330405 -1.2
725 0.330388 -1.2
726 0.330388 -1.2
727 0.330388 -1.2
728 0.330388 -1.2
729 0.330388 -1.2
730 0.330388 -1.2
731 0.330421 -1.2
732 0.330421 -1.2
733 0.330421 -1.2
734 0.330421 -1.2
735 0.330421 -1.2
736 0.330421 -1.2
737 0.330421 -1.2
738 0.330421 -1.2
739 0.330421 -1.2
740 0.330421 -1.2
741 0.330421 -1.2
742 0.330421 -1.2
743 0.330421 -1.2
744 0.330421 -1.2
745 0.330293 -1.2
746 0.330293 -1.2
747 0.330293 -1.2
748 0.330293 -1.2
749 0.330293 -1.2
750 0.330293 -1.2
751 0.183859 -1.2
752 0.183859 -1.2
753 0.183859 -1.2
754 0.183859 -1.2
755 0.183859 -1.2
756 0.183859 -1.2
757 0.183859 -1.2
758 0.183859 -1.2
759 0.183859 -1.2
760 0.183859 -1.2
761 0.183859 -1.2
762 0.183859 0.0183859
763 0.183859 -1.2
764 0.183859 -1.2
765 0.183859 -1.2
766 0.183859 -1.2
767 0.183859 -1.2
768 0.183859 -1.2
769 0.183859 -1.2
770 0.183859 -1.2
771 0.183859 -1.2
772 0.183859 -1.2
773 0.183859 -1.2
774 0.183859 -1.2
775 0.183859 -1.2
776 0.183859 -1.2
777 0.183859 -1.2
778 0.183859 -1.2
779 0.183859 -1.2
780 0.183836 -1.2
781 0.183836 -1.2
782 0.183836 -1.2
783 0.183836 -1.2
784 0.183836 -1.2
785 0.183836 -1.2
786 0.183836 -1.2
787 0.183836 -1.2
788 0.183836 -1.2
789 0.183836 -1.2
790 0.183836 -1.2
791 0.183836 -1.2
792 0.183836 -1.2
793 0.183836 -1.2
794 0.183836 -1.2
795 0.183836 -1.2
796 0.183836 -1.2
797 0.183836 -1.2
798 0.183836 -1.2
799 0.183836 -1.2
800 0.183836 -1.2
801 0.183836 -1.2
802 0.183836 -1.2
803 0.183836 -1.2
804 0.183836 -1.2
805 0.183836 -1.2
806 0.183836 -1.2
807 0.183836 -1.2
808 0.183836 -1.2
809 0.183836 -1.2
810 0.183836 -1.2
811 0.183836 -1.2
812 0.183836 -1.2
813 0.183836 -1.2
814 0.183836 -1.2
815 0.183836 -1.2
816 0.183836 0.0183836
817 0.183836 -1.2
818 0.183836 -1.2
819 0.183836 -1.2
820 0.183836 -1.2
821 0.183836 -1.2
822 0.18386 -1.2
823 0.18386 -1.2
824 0.18386 -1.2
825 0.18386 -1.2
826 0.18386 -1.2
827 0.18386 -1.2
828 0.183622 -1.2
829 0.183622 -1.2
830 0.183622 -1.2
831 0.183622 -1.2
832 0.183622 -1.2
833 0 -1.2
834 0 -1.2
835 0 -1.2
836 0 -1.2
837 0 -1.2
838 0 -1.2
839 0 -1.2
840 0 -1.2
841 0 -1.2
842 0 -1.2
843 0 -1.2
844 0 -1.2
845 0 -1.2
846 0 -1.2
847 0 -1.2
848 0 -1.2
849 0 -1.2
850 0 -1.2
851 0 -1.2
852 0 -1.2
853 0 -1.2
854 0 -1.2
855 -2.04195e-06 -1.2
856 -2.04195e-06 -1.2
857 -2.04195e-06 -1.2
858 -2.04195e-06 -1.2
859 -5.45541e-06 -1.2
860 -5.45541e-06 -1.2
861 -5.45541e-06 -1.2
862 -5.45541e-06 -1.2
863 -5.45541e-06 -1.2
864 0 -1.2
865 0 -1.2
866 0 -1.2
867 0 -1.2
868 0 -1.2
869 0 -1.2
870 -6.1006e-05 -6.1006e-06
871 -6.1006e-05 -1.2
872 -6.1006e-05 -1.2
873 -6.1006e-05 -1.2
874 -6.1006e-05 -1.2
875 -3.14163 -1.2
876 -3.14163 -1.2
877 -3.14163 -1.2
878 -3.14163 -1.2
879 -3.14163 -1.2
880 -3.14163 -1.2
881 0.274438 -1.2
882 -0.0168432 -0.00168432
883 -0.26233 -0.026233
884 -0.317747 -0.0317747
885 -0.19911 -0.019911
886 -0.197038 -0.0197038
887 -0.275177 -0.0275177
