1 2.26169 0 0.226169
2 3 0 0.3
3 2.32252 0 0.232252
4 2.36246 0 0.236246
5 2.48535 0 0.248535
6 2.38315 0 0.238315
7 2.49182 0 0.249182
8 2.42481 0 0.242481
9 2.38297 1 0
10 2.99998 0 0.299998
11 2.94521 0 0.294521
12 2.38997 0 0.238997
13 2.42143 0 0.242143
14 2.41516 0 0.241516
15 2.48863 0 0.248863
16 2.49528 0 0.249528
17 2.35734 0 0.235734
18 2.4034 0 0.24034
19 2.49331 0 0.249331
20 2.36291 0 0.236291
21 2.43842 0 0.243842
22 2.52762 0 0.252762
23 2.4838 0 0.24838
24 2.42295 0 0.242295
25 2.4487 0 0.24487
26 2.45582 0 0.245582
27 2.4442 0 0.24442
28 2.52405 0 0.252405
29 2.40759 0 0.240759
30 2.48691 0 0.248691
31 2.47292 0 0.247292
32 2.44536 0 0.244536
33 2.48408 0 0.248408
34 2.47354 0 0.247354
35 2.42093 0 0.242093
36 2.41744 0 0.241744
37 2.43023 0 0.243023
38 2.43409 0 0.243409
39 2.5872 0 0.25872
40 2.44266 0 0.244266
41 2.48732 0 0.248732
42 2.38881 0 0.238881
43 2.44727 0 0.244727
44 2.42003 0 0.242003
45 2.44606 0 0.244606
46 2.40631 0 0.240631
47 2.46171 0 0.246171
48 2.48333 0 0.248333
49 2.98556 0 0.298556
50 2.9987 0 0.29987
51 2.98724 0 0.298724
52 2.99895 0 0.299895
53 2.99828 0 0.299828
54 3 0 0.3
55 2.9975 0 0.29975
56 2.98521 0 0.298521
57 2.98881 0 0.298881
58 2.99922 0 0.299922
59 2.99884 0 0.299884
60 2.99878 0 0.299878
61 2.99501 0 0.299501
62 2.99936 0 0.299936
63 2.99916 0 0.299916
64 2.98597 0 0.298597
65 2.99248 0 0.299248
66 2.98122 0 0.298122
67 2.98953 0 0.298953
68 2.98651 0 0.298651
69 2.99032 0 0.299032
70 2.97862 0 0.297862
71 2.9965 0 0.29965
72 2.99704 0 0.299704
73 2.9986 0 0.29986
74 2.98881 0 0.298881
75 2.99597 0 0.299597
76 2.99929 0 0.299929
77 2.96441 0 0.296441
78 2.9984 0 0.29984
79 2.99887 0 0.299887
80 2.98632 1 0
81 2.99838 0 0.299838
82 2.9991 0 0.29991
83 2.99964 0 0.299964
84 2.98881 0 0.298881
85 2.9777 0 0.29777
86 2.97944 0 0.297944
87 2.9993 0 0.29993
88 2.94344 0 0.294344
89 2.02969 0 0.202969
90 0.997078 0 0.0997078
91 1 0 0.1
92 0.995851 0 0.0995851
93 0.990485 0 0.0990485
94 0.996798 0 0.0996798
95 0.998598 1 0
96 0.999048 0 0.0999048
97 0.996894 1 0
98 0.999324 0 0.0999324
99 -0.000560117 1 0
100 1.89787 0 0.189787
101 2.99898 0 0.299898
102 2.99898 1 0
103 2.99898 1 0
104 2.99898 1 0
105 2.9992 1 0
106 2.9992 1 0
107 2.99916 0 0.299916
108 2.99916 1 0
109 2.99916 1 0
110 2.99916 1 0
111 2.99968 1 0
112 2.99968 1 0
113 2.99968 1 0
114 2.99968 1 0
115 2.99968 1 0
116 2.99969 1 0
117 2.99969 1 0
118 2.99969 1 0
119 2.99969 1 0
120 2.99969 1 0
121 2.99958 1 0
122 2.99958 1 0
123 2.99958 1 0
124 2.99958 1 0
125 2.99958 1 0
126 2.99968 1 0
127 2.99968 1 0
128 2.99968 1 0
129 2.99968 1 0
130 2.99968 1 0
131 2.99962 1 0
132 2.99962 1 0
133 2.99962 1 0
134 2.99962 1 0
135 2.99962 1 0
136 2.99966 1 0
137 2.99966 1 0
138 2.99966 1 0
139 2.99966 1 0
140 2.99966 1 0
141 2.99965 1 0
142 2.99965 1 0
143 2.99965 1 0
144 2.99965 1 0
145 2.99965 1 0
146 2.99965 1 0
147 2.99965 1 0
148 2.99965 1 0
149 2.99965 1 0
150 2.99965 0 0.299965
151 2.99938 1 0
152 2.99938 1 0
153 2.99938 1 0
154 2.99938 1 0
155 2.99938 1 0
156 2.99959 1 0
157 2.99959 1 0
158 2.99959 1 0
159 2.99959 1 0
160 3 1 0
161 3 1 0
162 3 1 0
163 3 1 0
164 3 1 0
165 2.99959 1 0
166 2.99959 1 0
167 2.99959 1 0
168 2.99959 1 0
169 2.99959 1 0
170 2.99959 1 0
171 2.99912 1 0
172 2.99912 1 0
173 2.99912 1 0
174 2.99912 1 0
175 2.99912 1 0
176 2.99912 1 0
177 2.9996 1 0
178 2.9996 1 0
179 2.9996 1 0
180 2.9996 1 0
181 2.9996 1 0
182 2.99973 1 0
183 2.99973 1 0
184 2.99973 1 0
185 2.99973 1 0
186 2.99973 1 0
187 2.99959 1 0
188 2.99959 1 0
189 2.99959 1 0
190 2.99959 1 0
191 2.99959 1 0
192 2.99966 1 0
193 2.99966 1 0
194 2.99966 1 0
195 2.99966 1 0
196 2.99966 1 0
197 2.99948 1 0
198 2.99948 1 0
199 2.99948 1 0
200 2.99948 1 0
201 2.99948 1 0
202 2.99959 0 0.299959
203 2.99959 1 0
204 2.99959 1 0
205 2.99959 1 0
206 2.99959 1 0
207 2.9997 1 0
208 2.9997 1 0
209 2.9997 1 0
210 2.9997 1 0
211 2.9997 1 0
212 2.99961 1 0
213 2.99961 1 0
214 2.99961 1 0
215 2.99961 1 0
216 2.99961 1 0
217 2.999 1 0
218 2.999 1 0
219 2.999 1 0
220 2.999 1 0
221 2.999 1 0
222 2.99961 1 0
223 2.99961 1 0
224 2.99964 0 0.299964
225 2.99964 1 0
226 2.99964 1 0
227 2.99964 1 0
228 2.99971 1 0
229 2.99971 1 0
230 2.99975 0 0.299975
231 2.99975 1 0
232 2.99975 1 0
233 2.99975 1 0
234 2.99975 1 0
235 2.99957 1 0
236 2.99957 1 0
237 2.99957 1 0
238 2.99957 1 0
239 2.99972 1 0
240 2.99972 1 0
241 2.99972 1 0
242 2.99972 1 0
243 2.99972 1 0
244 2.9997 1 0
245 2.9997 1 0
246 2.9997 1 0
247 2.9997 1 0
248 2.9997 1 0
249 2.99968 1 0
250 2.99968 1 0
251 2.99968 1 0
252 2.99968 1 0
253 2.99968 1 0
254 2.99989 1 0
255 2.99989 1 0
256 2.99989 1 0
257 2.99989 1 0
258 2.99989 1 0
259 2.99965 1 0
260 2.99965 1 0
261 2.99965 1 0
262 2.99965 1 0
263 2.99965 1 0
264 2.99979 0 0.299979
265 2.99979 1 0
266 2.99979 1 0
267 2.99979 1 0
268 2.99979 1 0
269 2.99964 1 0
270 2.99964 1 0
271 2.99964 1 0
272 2.99964 1 0
273 2.99974 1 0
274 2.99974 1 0
275 2.99974 1 0
276 2.99974 1 0
277 2.99974 1 0
278 2.99974 1 0
279 2.99947 1 0
280 2.99947 1 0
281 2.99947 1 0
282 2.99947 1 0
283 2.99947 1 0
284 2.99957 1 0
285 2.99957 1 0
286 2.99957 1 0
287 2.99957 1 0
288 2.99957 1 0
289 2.99969 1 0
290 2.99969 1 0
291 2.99969 1 0
292 2.99969 1 0
293 2.99969 1 0
294 2.99967 1 0
295 2.99967 1 0
296 2.99967 1 0
297 2.99967 1 0
298 2.99967 1 0
299 2.9992 1 0
300 2.9992 1 0
301 2.9992 1 0
302 2.9992 1 0
303 2.9992 1 0
304 2.99963 1 0
305 2.99963 1 0
306 2.99963 1 0
307 2.99963 1 0
308 2.99963 1 0
309 2.99973 1 0
310 2.99973 1 0
311 2.99973 1 0
312 2.99973 1 0
313 2.99973 1 0
314 2.99964 1 0
315 2.99964 1 0
316 2.99964 1 0
317 2.99964 0 0.299964
318 2.99964 1 0
319 2.99974 1 0
320 2.99974 1 0
321 2.99974 1 0
322 2.99974 1 0
323 2.99974 1 0
324 2.99966 1 0
325 2.99966 1 0
326 2.99966 1 0
327 2.99966 1 0
328 2.99966 1 0
329 2.99964 1 0
330 2.99964 1 0
331 2.99964 1 0
332 2.99964 1 0
333 2.99964 1 0
334 2.99967 1 0
335 2.99967 1 0
336 2.99967 1 0
337 2.99967 1 0
338 2.99967 1 0
339 2.99971 1 0
340 2.99971 1 0
341 2.99971 1 0
342 2.99971 1 0
343 2.99971 1 0
344 2.99951 1 0
345 2.99951 1 0
346 2.99951 1 0
347 2.99951 1 0
348 2.99951 1 0
349 2.99973 1 0
350 2.99973 1 0
351 2.99973 1 0
352 2.99973 1 0
353 2.99973 1 0
354 3 1 0
355 3 1 0
356 3 1 0
357 3 1 0
358 3 1 0
359 2.9997 1 0
360 2.9997 1 0
361 2.99976 0 0.299976
362 2.99893 0 0.299893
363 2.99893 1 0
364 2.99893 1 0
365 2.99893 1 0
366 2.97251 1 0
367 2.97251 1 0
368 2.97251 1 0
369 2.97251 1 0
370 2.97251 1 0
371 2.99929 1 0
372 2.99929 1 0
373 2.99929 1 0
374 2.99929 1 0
375 2.99929 1 0
376 2.99836 1 0
377 2.99836 1 0
378 2.99836 1 0
379 2.99836 1 0
380 2.99836 1 0
381 2.99799 1 0
382 2.99799 1 0
383 2.99799 1 0
384 2.99799 1 0
385 2.99799 0 0.299799
386 2.99865 1 0
387 2.99865 1 0
388 2.99865 1 0
389 2.99865 1 0
390 2.99865 1 0
391 2.99865 1 0
392 2.99936 1 0
393 2.99936 1 0
394 2.99936 1 0
395 2.99936 1 0
396 2.99936 1 0
397 2.9993 1 0
398 2.9993 1 0
399 2.9993 1 0
400 2.9993 1 0
401 2.9993 1 0
402 2.99938 1 0
403 2.99938 1 0
404 2.99938 1 0
405 2.99938 1 0
406 2.99938 1 0
407 2.99926 1 0
408 2.99926 1 0
409 2.99926 1 0
410 2.99926 1 0
411 2.99926 1 0
412 2.99926 1 0
413 3 1 0
414 3 1 0
415 3 1 0
416 3 1 0
417 3 1 0
418 2.99931 1 0
419 2.99931 1 0
420 2.99931 1 0
421 2.99931 1 0
422 2.99931 1 0
423 2.99869 1 0
424 2.99869 1 0
425 2.99869 1 0
426 2.99869 1 0
427 2.99869 1 0
428 2.99937 1 0
429 2.99937 1 0
430 2.99937 1 0
431 2.99937 1 0
432 2.99937 1 0
433 2.99974 1 0
434 2.99974 1 0
435 2.99974 1 0
436 2.99974 1 0
437 2.99974 1 0
438 2.99958 0 0.299958
439 2.99958 1 0
440 2.99958 1 0
441 2.99958 1 0
442 2.99958 1 0
443 2.99967 1 0
444 2.99967 1 0
445 2.99967 1 0
446 2.99967 1 0
447 2.99967 1 0
448 2.99955 1 0
449 2.99955 1 0
450 2.99955 1 0
451 2.99955 1 0
452 2.99955 1 0
453 2.99948 1 0
454 2.99948 1 0
455 2.99948 1 0
456 2.99948 1 0
457 2.99948 1 0
458 2.99969 1 0
459 2.99969 1 0
460 2.99969 1 0
461 2.99969 1 0
462 2.99969 1 0
463 2.99958 1 0
464 2.99958 1 0
465 2.99958 1 0
466 2.99958 1 0
467 2.99958 1 0
468 2.99991 1 0
469 2.99991 1 0
470 2.99991 1 0
471 2.99991 1 0
472 2.99991 1 0
473 2.99957 1 0
474 2.99957 1 0
475 2.99957 1 0
476 2.99957 1 0
477 2.99957 1 0
478 2.99973 1 0
479 2.99973 1 0
480 2.99973 1 0
481 2.99973 1 0
482 2.99973 1 0
483 2.99959 1 0
484 2.99959 1 0
485 2.99959 1 0
486 2.99959 1 0
487 2.99959 1 0
488 2.99962 1 0
489 2.99962 1 0
490 2.99962 1 0
491 2.99962 1 0
492 2.99962 0 0.299962
493 2.99962 1 0
494 2.99962 1 0
495 2.99962 1 0
496 2.99962 1 0
497 2.99962 1 0
498 2.99973 1 0
499 2.99973 1 0
500 2.99973 1 0
501 2.99973 1 0
502 2.99973 1 0
503 2.99982 1 0
504 2.99982 1 0
505 2.99982 1 0
506 2.99982 1 0
507 2.99982 1 0
508 2.99959 1 0
509 2.99959 1 0
510 2.99959 1 0
511 2.99959 1 0
512 2.99959 1 0
513 2.99971 1 0
514 2.99971 1 0
515 2.99971 1 0
516 2.99971 1 0
517 2.99971 1 0
518 2.99961 1 0
519 2.99961 1 0
520 2.99961 1 0
521 2.99961 1 0
522 2.99961 1 0
523 2.99971 1 0
524 2.99971 1 0
525 2.99971 1 0
526 2.99971 1 0
527 2.99971 1 0
528 2.99968 1 0
529 2.99968 1 0
530 2.99968 1 0
531 2.99968 1 0
532 2.99968 1 0
533 2.99966 1 0
534 2.99966 1 0
535 2.99966 1 0
536 2.99966 1 0
537 2.99966 1 0
538 2.99946 1 0
539 2.99946 1 0
540 2.99946 1 0
541 2.99946 1 0
542 2.99946 1 0
543 2.9997 1 0
544 2.9997 1 0
545 2.9997 1 0
546 2.9997 0 0.29997
547 2.9997 1 0
548 2.99977 1 0
549 2.99977 1 0
550 2.99977 1 0
551 2.99977 1 0
552 2.99977 1 0
553 2.99962 1 0
554 2.99962 1 0
555 2.99962 1 0
556 2.99962 1 0
557 2.99962 1 0
558 2.9997 1 0
559 2.9997 1 0
560 2.9997 1 0
561 2.9997 1 0
562 2.9997 1 0
563 2.9996 1 0
564 2.9996 1 0
565 2.9996 1 0
566 2.9996 1 0
567 2.9996 1 0
568 2.99976 1 0
569 2.99976 1 0
570 2.99976 1 0
571 2.99976 1 0
572 2.99976 1 0
573 2.99977 1 0
574 2.99977 1 0
575 2.99977 1 0
576 2.99977 1 0
577 2.99977 1 0
578 2.99969 1 0
579 2.99969 1 0
580 2.99969 1 0
581 2.99969 1 0
582 2.99969 1 0
583 2.99904 1 0
584 2.99904 1 0
585 2.99904 1 0
586 2.99904 1 0
587 2.99969 1 0
588 2.99969 1 0
589 2.99969 1 0
590 2.99969 1 0
591 2.99969 1 0
592 2.99971 1 0
593 2.99971 1 0
594 2.99971 1 0
595 2.99971 1 0
596 2.99971 1 0
597 2.99964 1 0
598 2.99964 1 0
599 2.99964 0 0.299964
600 2.99964 1 0
601 2.99964 1 0
602 2.9997 1 0
603 2.9997 1 0
604 2.9997 1 0
605 2.9997 1 0
606 2.9997 1 0
607 2.99957 1 0
608 2.99957 1 0
609 2.99957 1 0
610 2.99957 1 0
611 2.99957 1 0
612 2.99975 1 0
613 2.99975 1 0
614 2.99975 1 0
615 2.99975 1 0
616 2.99975 1 0
617 3 1 0
618 3 1 0
619 3 1 0
620 3 1 0
621 3 1 0
622 2.99965 1 0
623 2.99965 1 0
624 2.99965 1 0
625 2.99965 1 0
626 2.99965 1 0
627 2.99976 1 0
628 2.99976 1 0
629 2.99976 1 0
630 2.99976 1 0
631 2.99976 1 0
632 2.99962 1 0
633 2.99962 1 0
634 2.99962 1 0
635 2.99962 1 0
636 2.99962 1 0
637 2.99975 1 0
638 2.99975 1 0
639 2.99975 1 0
640 2.99975 1 0
641 2.99975 1 0
642 2.99967 1 0
643 2.99967 1 0
644 2.99967 1 0
645 2.99967 1 0
646 2.99967 1 0
647 2.9997 1 0
648 2.9997 1 0
649 2.9997 1 0
650 2.9997 1 0
651 2.9997 1 0
652 2.9995 1 0
653 2.9995 0 0.29995
654 2.9995 1 0
655 2.9995 1 0
656 2.9995 1 0
657 2.9995 1 0
658 2.99968 1 0
659 2.99968 1 0
660 2.99968 1 0
661 2.99968 1 0
662 2.99968 1 0
663 3 1 0
664 3 1 0
665 3 1 0
666 3 1 0
667 3 1 0
668 2.99959 1 0
669 2.99959 1 0
670 2.99959 1 0
671 2.99959 1 0
672 2.99959 1 0
673 2.99974 1 0
674 2.99974 1 0
675 2.99974 1 0
676 2.99974 1 0
677 2.99974 1 0
678 2.99969 1 0
679 2.99969 1 0
680 2.99969 1 0
681 2.99969 1 0
682 2.99969 1 0
683 2.9997 1 0
684 2.9997 1 0
685 2.9997 1 0
686 2.9997 1 0
687 2.9997 1 0
688 2.99969 1 0
689 2.99969 1 0
690 2.99969 1 0
691 2.99969 1 0
692 2.99969 1 0
693 2.99972 1 0
694 2.99972 1 0
695 2.99972 1 0
696 2.99972 1 0
697 2.99972 1 0
698 2.9995 1 0
699 2.9995 1 0
700 2.9995 1 0
701 2.9995 1 0
702 2.9995 1 0
703 2.99971 1 0
704 2.99971 1 0
705 2.99971 1 0
706 2.99971 1 0
707 2.99971 0 0.299971
708 2.99971 1 0
709 2.99984 1 0
710 2.99984 1 0
711 2.99984 1 0
712 2.99984 1 0
713 2.99984 1 0
714 2.9997 1 0
715 2.9997 1 0
716 2.9997 1 0
717 2.9997 1 0
718 2.9997 1 0
719 2.99978 1 0
720 2.99978 1 0
721 2.99978 1 0
722 2.99978 1 0
723 2.99978 1 0
724 2.99955 1 0
725 2.99955 1 0
726 2.99955 1 0
727 2.99955 1 0
728 2.99955 1 0
729 2.99971 1 0
730 2.99971 1 0
731 2.99971 1 0
732 2.99971 1 0
733 2.99971 1 0
734 2.99972 1 0
735 2.99972 1 0
736 2.99972 1 0
737 2.99972 1 0
738 2.99972 1 0
739 2.99972 1 0
740 2.99972 1 0
741 2.99972 1 0
742 2.99972 1 0
743 2.99972 1 0
744 2.99986 1 0
745 2.99986 1 0
746 2.99986 1 0
747 2.99986 1 0
748 2.99986 1 0
749 2.9996 1 0
750 2.9996 1 0
751 2.9996 1 0
752 2.9996 1 0
753 2.9996 1 0
754 2.99975 1 0
755 2.99975 1 0
756 2.99975 1 0
757 2.99975 1 0
758 2.99975 1 0
759 2.99968 1 0
760 2.99968 1 0
761 2.99968 1 0
762 2.99968 0 0.299968
763 2.99968 1 0
764 2.99968 1 0
765 2.99976 1 0
766 2.99976 1 0
767 2.99976 1 0
768 2.99976 1 0
769 2.99965 1 0
770 2.99965 1 0
771 2.99965 1 0
772 2.99965 1 0
773 2.99965 1 0
774 2.99977 1 0
775 2.99977 1 0
776 2.99977 1 0
777 2.99977 1 0
778 2.99977 1 0
779 2.99981 1 0
780 2.99981 1 0
781 2.99981 1 0
782 2.99981 1 0
783 2.99981 1 0
784 2.99981 1 0
785 2.99973 1 0
786 2.99973 1 0
787 2.99973 1 0
788 2.99973 1 0
789 2.99983 1 0
790 2.99983 1 0
791 2.99983 1 0
792 2.99983 1 0
793 2.99983 1 0
794 2.99961 1 0
795 2.99961 1 0
796 2.99961 1 0
797 2.99961 1 0
798 2.99961 1 0
799 2.99961 1 0
800 2.99979 1 0
801 2.99979 1 0
802 2.99979 1 0
803 2.99979 1 0
804 2.99979 1 0
805 2.99971 1 0
806 2.99971 1 0
807 2.99971 1 0
808 2.99971 1 0
809 2.99971 1 0
810 2.99971 1 0
811 2.99978 1 0
812 2.99978 1 0
813 2.99978 1 0
814 2.99978 1 0
815 2.99978 1 0
816 2.99954 0 0.299954
817 2.99954 1 0
818 2.99954 1 0
819 2.99954 1 0
820 2.99954 1 0
821 2.9997 1 0
822 2.9997 1 0
823 2.9997 1 0
824 2.9997 1 0
825 2.9997 1 0
826 2.99978 1 0
827 2.99978 1 0
828 2.99978 1 0
829 2.99978 1 0
830 2.99978 1 0
831 2.99978 1 0
832 2.99972 1 0
833 2.99972 1 0
834 2.99972 1 0
835 2.99972 1 0
836 2.99972 1 0
837 2.99984 1 0
838 2.99984 1 0
839 2.99984 1 0
840 2.99984 1 0
841 2.99984 1 0
842 2.99984 1 0
843 2.99968 1 0
844 2.99968 1 0
845 2.99968 1 0
846 2.99968 1 0
847 2.99968 1 0
848 3 1 0
849 3 1 0
850 3 1 0
851 3 1 0
852 3 1 0
853 2.99975 1 0
854 2.99975 1 0
855 2.99975 1 0
856 2.99975 1 0
857 2.99975 1 0
858 2.99983 1 0
859 2.99983 1 0
860 2.99983 1 0
861 2.99983 1 0
862 2.99983 1 0
863 2.99966 1 0
864 2.99966 1 0
865 2.99966 1 0
866 2.99966 1 0
867 2.99966 1 0
868 2.99966 1 0
869 2.99979 1 0
870 2.99979 0 0.299979
871 2.99979 1 0
872 2.99979 1 0
873 2.99979 1 0
874 2.99977 1 0
875 2.99977 1 0
876 2.99977 1 0
877 2.99977 1 0
878 2.99977 1 0
879 2.99981 1 0
880 2.99981 1 0
881 2.99981 1 0
882 2.99965 0 0.299965
883 2.99907 0 0.299907
884 2.99742 0 0.299742
885 2.99837 0 0.299837
886 2.98857 0 0.298857
887 2.9997 0 0.29997
